c(73.1976217672389, 74.8491125525836, 83.7935415707456, 76.3525419571229, 
76.6464386758047, 84.5753249344164, 78.304581029946, 69.6746938269673, 
72.5657357405324, 73.7716901495002, 82.1204089871973, 77.7990691352868, 
78.0038572529703, 76.5534135797256, 73.2207943262296, 84.9345656840154, 
78.4892523911462, 66.1669142168518, 79.5067795078184, 73.6360429613603, 
70.6608814700658, 74.9101254267085, 70.8699777584638, 72.3555438535443, 
72.8748036607537, 67.5665334462879, 80.1889352224726, 76.7668655891826, 
70.3093153149403, 82.2690746053496, 78.1323211073841, 74.5246425850386, 
80.4756283052251, 80.3906674376652, 80.1079054081874, 79.4432012705005, 
78.769588267688, 75.6904414471164, 74.4701866813004, 74.0976449949381, 
72.5264651053974, 74.960413609902, 69.6730182421587, 86.8447798266926, 
82.0398099915249, 70.3844570839832, 73.9855758235046, 73.6667232318839, 
79.8998255916816, 75.5831546676409, 77.2665925699738, 75.8572662232565, 
75.7856477135434, 82.8430114200723, 74.8711450717037, 83.5823530221477, 
68.2562359788489, 78.9230687481803, 76.6192712192231, 77.0797078437199, 
77.8981974137994, 73.4883827344535, 74.3339630816529, 70.9071230844646, 
70.6410438676221, 77.5176432070213, 78.2410488931471, 76.2650211336525, 
80.6113373393987, 86.2504234281357, 73.5448441697173, 64.4541556217959, 
81.0286926223113, 72.453996187088, 72.5599569176632, 81.1278568484835, 
74.576134964745, 69.8964114387273, 76.9065173987457, 75.3055431878048, 
76.0288209294994, 77.9264020056317, 74.146699841038, 79.2218827425942, 
74.8975671909062, 77.6589098195785, 81.4841950657467, 78.175907454169, 
74.3703420723439, 81.7440380922555, 80.9675192798106, 78.7419847975404, 
77.1936586755572, 72.8604696198031, 82.80326224265, 72.9987020642644, 
86.9366649650829, 83.6630531309259, 74.8214982044976, 70.8678954984661
)
